-0.056	9.368	-1.467
-0.036	10.706	-2.1
0.804	9.2	-0.275
-1.562	8.97	-1.103
-2.38	8.341	-2.108
-3.152	7.186	-1.501
-2.404	5.937	-1.542
-3.532	7.341	-0.028
-4.818	6.768	0.178
-2.5	6.501	0.727
-2.465	5.337	-0.256
-1.297	4.476	-0.103
0.008	4.871	0.072
0.837	3.869	0.18
0.032	2.742	0.07
0.367	1.365	0.111
1.481	0.847	0.258
-0.757	0.559	-0.04
-2.039	1.02	-0.209
-2.991	0.083	-0.339
-2.365	2.301	-0.249
-1.288	3.101	-0.105
0.107	-9.352	1.508
0.135	-10.687	2.146
0.967	-9.184	0.315
-1.401	-8.963	1.142
-2.223	-8.334	2.144
-3	-7.187	1.533
-2.259	-5.933	1.569
-3.379	-7.349	0.06
-4.669	-6.784	-0.148
-2.352	-6.508	-0.698
-2.323	-5.34	0.281
-1.152	-4.466	0.123
-1.353	-3.084	0.146
-2.504	-2.648	0.298
-0.291	-2.258	0.003
0.933	-2.768	-0.158
1.952	-1.916	-0.297
1.166	-4.173	-0.186
0.105	-4.978	-0.043
