0.041	9.361	-1.484
0.068	10.699	-2.118
0.901	9.19	-0.292
-1.466	8.971	-1.119
-2.288	8.344	-2.123
-3.066	7.194	-1.515
-2.324	5.941	-1.554
-3.444	7.353	-0.043
-4.733	6.787	0.164
-2.417	6.509	0.714
-2.387	5.344	-0.268
-1.215	4.47	-0.113
-1.413	3.109	-0.14
-2.512	2.6	-0.286
-0.271	2.362	0.012
1.017	2.83	0.183
1.946	2.037	0.306
1.152	4.269	0.201
2.51	4.87	0.383
0.043	5.007	0.055
0.073	-9.352	1.493
0.101	-10.688	2.128
0.934	-9.182	0.3
-1.434	-8.962	1.127
-2.255	-8.335	2.131
-3.033	-7.185	1.52
-2.292	-5.932	1.559
-3.412	-7.345	0.049
-4.701	-6.78	-0.16
-2.384	-6.503	-0.709
-2.355	-5.336	0.272
-1.191	-4.469	0.117
0.119	-4.846	-0.057
0.948	-3.837	-0.168
0.13	-2.719	-0.059
0.404	-1.342	-0.096
1.627	-0.832	-0.259
-0.638	-0.493	0.042
-1.863	-1.004	0.205
-2.247	-2.278	0.256
-1.19	-3.094	0.116
